,Q1,Q2,Q3,Q4,Q5,Q6,Q7,Q8,Q9
Q1,1.0,0.14854234440128253,0.4224828897580246,0.5872178176359925,0.327211982279302,0.2006177989328207,0.08804292933752467,0.2855456560795822,0.026375582990559147
Q2,0.14854234440128253,1.0,0.7185499574192865,0.4983748812649181,0.8539321834117046,0.3866384777803494,0.6194822709832969,0.8132578346941359,0.2872111550935589
Q3,0.4224828897580246,0.7185499574192865,1.0,0.6394421012404548,0.6501893323531545,0.28666766072622596,0.3677830467695818,0.5590687062743117,0.12647115934294334
Q4,0.5872178176359925,0.4983748812649181,0.6394421012404548,1.0,0.5960385790524199,0.3737293684555251,0.5014285881694407,0.4856510971889581,0.002432385124867456
Q5,0.327211982279302,0.8539321834117046,0.6501893323531545,0.5960385790524199,1.0,0.6026898950255004,0.7377207847836682,0.9450794887962659,0.00285893392765644
Q6,0.2006177989328207,0.3866384777803494,0.28666766072622596,0.3737293684555251,0.6026898950255004,1.0,0.7498691687401214,0.53730656544437,-0.4014705557401006
Q7,0.08804292933752467,0.6194822709832969,0.3677830467695818,0.5014285881694407,0.7377207847836682,0.7498691687401214,1.0,0.6598299053457192,-0.10481405499358082
Q8,0.2855456560795822,0.8132578346941359,0.5590687062743117,0.4856510971889581,0.9450794887962659,0.53730656544437,0.6598299053457192,1.0,0.011908524885830198
Q9,0.026375582990559147,0.2872111550935589,0.12647115934294334,0.002432385124867456,0.00285893392765644,-0.4014705557401006,-0.10481405499358082,0.011908524885830198,1.0
