,Q1,Q2,Q3,Q4,Q5,Q6,Q7,Q8,Q9
Q1,1.0,0.3427362670396511,0.54821405347363,0.6696662465115154,0.28533378720268604,0.4379272459447952,0.21619156132485137,0.3760451679420197,0.15275769415979612
Q2,0.3427362670396511,1.0,0.70024479392619,0.45780045627407656,0.8987513756234115,0.5348191428607963,0.5633736309759728,0.8813309296437929,0.0359315812777356
Q3,0.54821405347363,0.70024479392619,1.0,0.6297066510447145,0.6224490936113691,0.5280058031703665,0.3376543455070325,0.6303538660090784,-0.0034958218694338327
Q4,0.6696662465115154,0.45780045627407656,0.6297066510447145,1.0,0.47475493432738314,0.4087953337845819,0.5330831071603915,0.5399540420328951,-0.13411817070368415
Q5,0.28533378720268604,0.8987513756234115,0.6224490936113691,0.47475493432738314,1.0,0.5958958512197209,0.5757196278306974,0.9107798551976349,-0.14278409314592166
Q6,0.4379272459447952,0.5348191428607963,0.5280058031703665,0.4087953337845819,0.5958958512197209,1.0,0.5681577009821861,0.4487456766194128,-0.1905960705162645
Q7,0.21619156132485137,0.5633736309759728,0.3376543455070325,0.5330831071603915,0.5757196278306974,0.5681577009821861,1.0,0.5729769836398723,-0.09852446227059823
Q8,0.3760451679420197,0.8813309296437929,0.6303538660090784,0.5399540420328951,0.9107798551976349,0.4487456766194128,0.5729769836398723,1.0,0.07623975040239926
Q9,0.15275769415979612,0.0359315812777356,-0.0034958218694338327,-0.13411817070368415,-0.14278409314592166,-0.1905960705162645,-0.09852446227059823,0.07623975040239926,1.0
